/*--------------------------------*- C++ -*----------------------------------*\
| =========                 |                                                 |
| \\      /  F ield         | OpenFOAM: The Open Source CFD Toolbox           |
|  \\    /   O peration     | Version:  2.4.0-MNF                             |
|   \\  /    A nd           | Web:      www.OpenFOAM.org                      |
|    \\/     M anipulation  |                                                 |
\*---------------------------------------------------------------------------*/
FoamFile
{
    version     2.0;
    format      ascii;
    class       tensorField;
    location    "0/lagrangian/polyMoleculeCloud";
    object      Q;
}
// * * * * * * * * * * * * * * * * * * * * * * * * * * * * * * * * * * * * * //


4298
(
(0.0974701703035937 0.954477453653175 0.281908418407005 0.863872005802853 -0.221792394632856 0.452253569663279 0.494190978763416 0.199451558406482 -0.846164494857875)
(-0.937817905009364 -0.148861225526434 0.313588763476332 -0.0454897660470689 0.948294285249735 0.31411563117374 -0.344134070136669 0.280318183672523 -0.896099022247937)
(-0.270551785657352 -0.951786606683354 0.144582110289638 0.684789696798144 -0.084706380001221 0.72380100880435 -0.676657078908308 0.294833994860286 0.674691124173129)
(-0.825347461316471 -0.560338913724164 0.0694396850862724 -0.478153124598213 0.759046568231769 0.441834693853415 -0.300285127063301 0.331464340498339 -0.894404960542247)
(-0.335663347744431 -0.413124035542768 -0.846556937386883 0.94037990441218 -0.0945686768326107 -0.326714555445374 0.0549158661840093 -0.905751233296973 0.420236779711477)
(0.377772044343589 -0.873941030663201 -0.305802808090127 -0.528848549225715 0.0674359320655487 -0.846032864047436 0.760004930572376 0.481330936040675 -0.436707036256443)
(0.365269986425332 0.750592707324905 -0.550625484996388 -0.0452848019401098 -0.576469412190795 -0.815862919565318 -0.929799507275672 0.322945203585794 -0.176576532276652)
(0.178029852602212 -0.982872955260729 -0.0476038380750547 -0.981489429237851 -0.173892526839529 -0.0802489215112605 0.0705965429521278 0.0610093675299527 -0.99563747679404)
(-0.368700854111342 0.368691615386349 0.853303095577047 -0.928060477407696 -0.0940918211939694 -0.360347720206748 -0.0525683407705178 -0.924777390472002 0.376859851430778)
(-0.175623297636141 0.979570199126698 0.0979728651734166 -0.979790584318678 -0.164244196846952 -0.114167660405927 -0.0957437632844609 -0.116043391819529 0.988618765251372)
(-0.308853699627826 0.93189376058424 -0.190219376537636 -0.425742970858928 -0.314299916910683 -0.848503674119418 -0.85050121398527 -0.181078936417519 0.493819910286616)
(0.862869383080551 -0.497615054750849 -0.0885194048076382 0.485495575594158 0.767333746475897 0.418918807882579 -0.140536378993788 -0.404447992706818 0.903698703869127)
(0.081264548689731 -0.2316646729542 -0.969395457195503 0.57513175460165 -0.783448250357743 0.235440658893529 -0.814014458087252 -0.576663089087914 0.069571141348285)
(0.995320639991279 -0.0966240413864473 -0.000786278259496163 0.0966248986949282 0.995320217773632 0.00113712059362386 0.0006727254611727 -0.0012077736541628 0.99999904436117)
(0.688955805560304 -0.674598263372335 0.265060523352277 0.695035144347522 0.718626901564034 0.0223947420234318 -0.205587076701267 0.168797391577911 0.963971677223932)
(0.629900400289356 -0.412514301558982 -0.658070996720425 -0.399747373299683 -0.898641295299861 0.180681653528496 -0.665903539001943 0.149250706501152 -0.730956020122685)
(-0.149899416425688 -0.987791604757462 -0.0424017750326159 -0.975286146015639 0.140688705160794 0.170363205036008 -0.162317892868285 0.0668912087710895 -0.984468622071797)
(-0.409122991618656 -0.10668709127893 0.906220857342978 0.286810589711258 -0.957841399388443 0.0167194272351127 0.866232107092829 0.266754040591761 0.422473926378289)
(-0.0193663246773096 -0.777342404206411 0.628779557628181 0.451552141646798 -0.567903860014866 -0.688175754552865 0.892034533436168 0.270599320773008 0.362008837950821)
(-0.200643156500383 0.602582237387274 0.772422792863409 -0.795302487158622 -0.560584204767813 0.230736436836814 0.572045695437762 -0.568014081295689 0.591712536440578)
(-0.183993500053425 0.977971311584881 0.0985824814814389 -0.852691308792146 -0.208699909737048 0.478917403720188 0.488941636443888 0.00405726418859101 0.872307064489837)
(0.431715508319004 0.495654982766548 -0.753623153794758 -0.0692660310803839 0.851243187044951 0.520180020231387 0.899346394230408 -0.172369297057938 0.401826938639655)
(0.922771834144964 0.34618574964389 0.169255927081557 -0.111692021435631 -0.180092648710972 0.977287844101158 0.368804873146169 -0.920718233024504 -0.127518237597113)
(0.12077071865168 -0.992642744880938 -0.00864954054235435 0.992351123699434 0.120501654225622 0.0268066898620217 -0.0255671822621639 -0.0118208444759982 0.999603214694234)
(0.0379151261336966 -0.805469506754342 -0.591423128478404 0.149742366316599 -0.580586326158112 0.800310403286207 -0.987997807153524 -0.118904968639428 0.0985999061494748)
(0.61142295546406 0.490808872714192 0.620700104717744 -0.791287864499348 0.384233604042715 0.475634369048755 -0.00504826976844371 -0.781966232000699 0.623300350539749)
(-0.392641570326198 -0.58905489811836 -0.70629096288608 0.725759228380999 0.273246859618616 -0.631355443572305 0.564894804075586 -0.760493577034897 0.320223952285073)
(-0.269186126150479 0.326714219958562 0.905978282281075 0.92691089489504 0.343295356110009 0.151606369912936 -0.261486180156761 0.880571471801222 -0.395245317033428)
(-0.777981763063959 -0.546264993550452 -0.310385136823943 -0.627045309142309 0.70612255795193 0.328945456624725 0.0394785590228265 0.45053911036973 -0.891883374329141)
(0.905102246646704 -0.425187812279161 0.0022907213602778 0.26148376355876 0.552359103033824 -0.791533740715338 0.335285198764032 0.717017953460672 0.611121174485743)
(0.9033530175408 -0.428895977137305 -0.00125159712630233 -0.42860215543657 -0.90283480755548 0.0344891667250002 -0.0159222503138326 -0.0306194556074253 -0.999404288005234)
(0.166926765249259 -0.972845642176368 -0.160333438626719 -0.953150032040746 -0.200829257219001 0.226213673029702 -0.252270631394428 0.115060705470259 -0.960791633286085)
(-0.943976571290985 -0.321194403114311 0.0757785475036163 -0.317566344070393 0.946569928808718 0.0561870713672135 -0.0897766671662595 0.028974562690416 -0.995540368216888)
(0.499041544959077 -0.105237962476233 -0.860164232957118 0.171737043257557 -0.960901031867208 0.21719943584109 -0.849390325102664 -0.256113604110337 -0.461456278981665)
(-0.584158923332819 -0.74391028212127 0.324585650398927 0.792065770798887 -0.435203336815065 0.428053583507718 -0.177172703934346 0.507144503844107 0.843453783678339)
(-0.103409794189005 0.680316892863982 -0.72558620421676 0.850911454799733 0.438248091434722 0.289634781137255 0.515030203537997 -0.587458539505318 -0.624208581970713)
(-0.947639790574688 0.262277556261049 -0.182179336921872 0.318766971150562 0.742707194104008 -0.588874894973158 -0.0191427642480699 -0.616114037583858 -0.787424312089142)
(-0.116114656334744 -0.238492345481229 0.964177778073694 0.807855059426309 -0.587422393104496 -0.0480118218640167 0.577830069781402 0.773341020007505 0.260875597230119)
(-0.677457430150694 0.501823718591345 -0.537795858846805 -0.599483965349585 -0.800343149293914 0.00835575652094681 -0.426228114537691 0.328060663349714 0.843033685886982)
(-0.728709574312169 -0.541442151672916 -0.419312237715023 -0.546721395053157 0.0912285871327938 0.832329899187145 -0.412405228503358 0.835773738090374 -0.362497153397839)
(-0.611508872972974 0.162506775457242 0.774369708992941 0.777045380433076 0.307872744442421 0.549012613677599 -0.149189057986637 0.937446489758205 -0.314542054131207)
(-0.102414404460574 0.974555387386057 0.199381761141278 -0.994606265935221 -0.0970135695396687 -0.0366979984136584 -0.0164214957108948 -0.202064752596745 0.979234481744099)
(-0.531511143762902 0.846610137799733 0.0273345684174699 -0.797924993536014 -0.511254435563483 0.319271995024957 0.28427382705132 0.147885687919359 0.947268818531579)
(-0.583527840106467 0.742491253887163 0.328940720680415 0.283131768167796 -0.193630688152728 0.939331442282051 0.76113839850244 0.641259615527572 -0.0972339643261059)
(-0.463027409562451 0.757460588465946 0.460281517024863 0.81670993979694 0.566375295971381 -0.110471255764604 -0.344369702835142 0.324765270671225 -0.880872877738373)
(-0.455629794573511 -0.424129959890992 0.782633546060841 -0.863040253271973 0.425874281202834 -0.271647966755171 -0.218089457629545 -0.799215161100461 -0.560082239263142)
(0.805740353671419 0.154718378763413 -0.57170333717609 -0.584060842601704 0.367713287531449 -0.723643469059316 0.0982619692701315 0.916978277521139 0.386646381011798)
(0.990784279206412 -0.0760081214820807 -0.112112789396192 0.0487963143246583 0.972428920152123 -0.228037091193748 0.126354389657656 0.220464874119534 0.967176202919457)
(0.935966113267757 -0.351664557467799 0.0173053123469453 -0.227734296637456 -0.5671730306898 0.791487108797856 -0.268522857406015 -0.744746126058487 -0.610940817732278)
(-0.660230308029291 0.745079131908678 0.0946204394079779 0.746169785907757 0.665060236615685 -0.03042256187539 -0.0855955078139034 0.0505170156175198 -0.995048461219442)
(-0.759959144171515 -0.649458629145313 -0.0257989964686405 0.649503699023055 -0.760319099447088 0.00773381997056746 -0.0246382658778167 -0.0108791564314557 0.99963723410539)
(-0.537650709978286 -0.808681709616603 0.238674687789495 -0.269478463106712 -0.10341620615769 -0.957437437238379 0.798944974313932 -0.579084605938992 -0.162320507586048)
(0.93174797628956 0.0299171641417131 -0.361871070921714 -0.297828993525424 0.633061446952218 -0.71451458697384 0.207710373587704 0.773523217280828 0.59876392095013)
(0.41697385864182 0.818349193868793 -0.395521678424392 -0.908372834589077 0.390275123016525 -0.150147000419727 0.0314895949474815 0.421888522300303 0.906100700894393)
(-0.708600587504136 0.249560538575357 -0.660003594668068 -0.442496545985547 -0.885749615570549 0.140158572008582 -0.549619881536007 0.391365757447687 0.738072374308742)
(0.467555117441438 -0.841183726881969 -0.271665510846123 0.792108270141148 0.535109307872867 -0.293636709220458 0.392373164893219 -0.0778971517886451 0.916501682057865)
(0.755766822322205 -0.650777285120509 0.0728384201378397 -0.514730286027211 -0.521615347627898 0.680419107437006 -0.404807661641109 -0.551730327506297 -0.729194351861321)
(0.280821184143721 0.0788318522874965 0.956517120390974 -0.509672099150519 -0.832233995355755 0.218222199424579 0.813248924920053 -0.548791505071935 -0.193530540425172)
(-0.124467272735373 -0.949439640105919 -0.288222601149462 -0.972280777856289 0.0587596383357706 0.226312602198418 -0.197934299778962 0.308401807222644 -0.930435563740348)
(0.989415606881536 0.110901547435155 0.0935820689861621 0.0583481816936236 0.286419467418343 -0.956325979139352 -0.132861757297917 0.95166419259121 0.276916987538556)
(0.856685177250324 -0.4294352905379 -0.2857898499251 -0.479861014088307 -0.866729567726218 -0.136063454267728 -0.18927206407107 0.253702951637843 -0.948583627358454)
(0.209302296865654 -0.939967052619613 0.269544965666881 0.568672973892056 -0.107238897198719 -0.815543296025642 0.79548953311249 0.32397802227497 0.512088511676714)
(-0.0898029482325653 -0.965488717743583 0.244472833661719 -0.995958480095801 0.0874156209815735 -0.0206207452258059 -0.00146164770068356 -0.245336595554469 -0.969436856359269)
(0.534600237845922 -0.790202254507388 -0.299638086141471 -0.133752011492732 -0.429201218659714 0.893250644177022 -0.834453704597644 -0.437454810091805 -0.335142214605698)
(0.766707090692809 0.641535362334096 -0.0243437046529321 0.636301983973763 -0.764398706652614 -0.103992319230141 -0.085323046549106 0.0642417009634072 -0.994280132349484)
(-0.0927689137078842 0.987964615810852 -0.123773367713634 -0.158433878779293 0.108078736716492 0.981436545439753 0.98300184877975 0.110656696930111 0.146500719179498)
(0.0882292566491326 0.984434962612509 -0.151998035044041 -0.138348902828697 0.163224847970589 0.976840432256504 0.986445730568711 -0.0651571438223479 0.150596703986763)
(-0.885718549231757 -0.364847298488512 -0.28703501586466 0.234001176778964 -0.884904862595854 0.402724264752289 -0.400931541304561 0.289533820027725 0.869151348297466)
(0.98857422930032 0.0577000837716329 0.1392540609678 0.134079409991618 0.0855184099325715 -0.987273677041429 -0.0688745597414382 0.994664416723224 0.0768049030015133)
(-0.987933440818556 -0.142252544561351 -0.0612513679702666 -0.152821556294 0.959586547334951 0.236303258770734 0.0251612488618544 0.242812420892361 -0.969746894718463)
(0.943229492567507 0.0861476039197065 -0.320775177795504 -0.066480830596752 -0.897266432808517 -0.436455321560231 -0.325420379684508 0.433002931738311 -0.840600997853333)
(-0.283120073850284 -0.260850874229044 0.922930032666048 0.696730478561725 -0.717248472717639 0.0110122035653533 0.659097613427753 0.646151259225081 0.384810194999667)
(-0.469722773679781 0.811108387111654 0.348516427509097 -0.219622361880306 0.275003640694111 -0.936022978226016 -0.855059374575058 -0.516213310523968 0.0489620668395113)
(-0.0947808941180035 -0.952262979981843 -0.290192692992591 0.676021466198727 -0.275552107471486 0.683422280370303 -0.730760945418346 -0.131401115003346 0.669867291056342)
(-0.541717011417282 -0.840393810256676 -0.0167607644036098 -0.840349082390703 0.541920455681703 -0.0116464345976828 0.0188705926306298 0.00777582124281665 -0.999791696973809)
(-0.505429879999926 -0.0290966561151043 0.862376959923084 0.210194545615891 -0.973476019385354 0.0903476213022569 0.836874476487717 0.226931320633724 0.498139826071801)
(0.962219049981136 0.213916774299597 -0.168446173974525 -0.246633552788534 0.946881599157682 -0.206366489080706 0.115353328917314 0.240114245412152 0.963866566832695)
(-0.780644724476771 0.446748455533034 0.437046486801387 0.533305579063585 0.111571640508371 0.838532604240244 0.325851152347571 0.887675383523233 -0.325351256337886)
(0.136481188488605 0.544854755078787 -0.827348887143008 -0.958527762214154 0.283558678610503 0.0286182607681276 0.25019475264974 0.789131023121447 0.56095883458043)
(0.429408183699945 -0.769772170058342 0.472291666213987 0.655182502935025 0.625457819284589 0.423719723571563 -0.621566166726688 0.127488519088726 0.772917963228475)
(0.0688990778033775 0.823929345615409 -0.562488533671228 -0.995709473465824 0.0218832420907158 -0.0899097779221481 -0.061770231732243 0.566269862476685 0.821901990095158)
(-0.567995662790353 -0.748083829091869 -0.343149401431205 -0.406062999918302 0.617371472123571 -0.673769475047159 0.715886699938402 -0.243357864181995 -0.654433482328099)
(-0.613415410263461 0.759764275807082 0.215591696636606 -0.486411349927355 -0.148387796665652 -0.86103720039413 -0.622194128157088 -0.633039735726007 0.460581328191654)
(0.0262902030332437 -0.587098495994701 -0.809088487883266 -0.285261562540946 -0.780121031648133 0.55680967746345 -0.958089070056208 0.216163206816083 -0.187986174645421)
(0.705646915445761 -0.70718499839238 0.0441792798792937 -0.694664886411665 -0.678170440495029 0.239844844066839 -0.139653593969334 -0.199935568840433 -0.969805466062086)
(0.0809021285609661 -0.0630712109034208 0.99472451862286 -0.727151659062242 -0.686299008612382 0.015624836021224 0.681692973645272 -0.724579666519036 -0.10138538627351)
(-0.644615742801355 -0.135552739988887 -0.752393513272252 0.12337965220997 -0.989700274884152 0.0726004635989381 -0.7544852586719 -0.0460306482220155 0.654700827761091)
(0.835958480797956 0.548279716739153 -0.0237227863963564 0.548121195706526 -0.836292920638836 -0.013315618897154 -0.0271398820782383 -0.00187165750091194 -0.999629893360027)
(-0.399592483598451 -0.916516688249503 0.0179724013917288 -0.667893098524312 0.304511979576661 0.679110641381725 -0.627889047519716 0.259363864974416 -0.73381586896872)
(0.19507199667528 0.20450849653451 -0.959230520239173 -0.825172952269876 0.5628533551062 -0.0478089896140004 0.530128772050091 0.800857275356158 0.278551807665602)
(0.592906704210919 0.70657693275827 -0.386277980469584 0.802457218160313 -0.478355663745182 0.356704740626359 0.0672610817944312 -0.521464185785391 -0.850618039909231)
(0.696518259565571 -0.196410955895237 0.690134081534934 -0.68566354158046 -0.465673087026071 0.559476615925054 0.211489531275402 -0.862885457302375 -0.459021639726258)
(-0.886162061261242 -0.298668171216023 0.354279726605549 -0.460561793880826 0.483579433556472 -0.744334444627197 0.0509866178374459 -0.822768652139639 -0.566084896334304)
(-0.756252173845064 0.642340030133855 0.124426425015965 -0.64192826404942 -0.76521271681829 0.0487606586714104 0.126533605690794 -0.0429974848940022 0.991030001020997)
(0.675013544312388 -0.309600069931566 -0.669704794437966 0.4816431901624 -0.502697155672697 0.717854725587821 -0.558906568547028 -0.807120416280588 -0.190210623410042)
(-0.886425907997234 -0.451688017903251 0.101128849068463 -0.45970870628289 0.833608708407073 -0.306209775538931 0.0540093973211239 -0.317922090692866 -0.946577270617928)
(0.235273125609664 -0.859681071263954 0.453425861719774 -0.868578213266207 -0.395318051158537 -0.298823569799136 0.436140394603781 -0.323530669548771 -0.839707962363214)
(0.707732054292005 0.683392952305781 0.179135178193469 0.470782728222907 -0.267145899267285 -0.840830952874399 -0.526762719006019 0.679416765500721 -0.510797314618944)
(0.627325150845508 -0.778152970664664 0.0306775058050637 -0.767535682477437 -0.624468930592025 -0.144663509044777 0.131727488553286 0.06720497727856 -0.989005237492922)
(-0.934615253023184 0.337736103822691 -0.111483868748253 -0.346374003497008 -0.79317861925106 0.500891932121527 0.0807426685084387 0.5067563538207 0.858299842330456)
(-0.550948987107573 0.35500622464204 0.755265379896726 -0.591278648383053 0.472613382304108 -0.653472379548961 -0.588935288101715 -0.806602238611124 -0.0504782636000165)
(-0.989110422274119 0.0996698624400664 0.108288924040698 0.137221212078327 0.358542249191908 0.9233730527258 0.0532063107579212 0.928177447509681 -0.368314694833027)
(0.197884814712883 0.723791148686855 0.661035530957763 -0.517135810339933 -0.495800148039378 0.697676692220825 0.832713728582703 -0.479904767934946 0.276187001763655)
(0.771775112753211 0.633183295264695 0.0586693270159958 -0.603157332755027 0.699696791729776 0.382917264675935 0.201406075575215 -0.330912849917921 0.9219177178472)
(0.263115587475738 0.964537932163766 0.0208989244829369 0.963243490942997 -0.261423338352762 -0.0618046545208859 -0.0541494670633596 0.0363925209588961 -0.997869440174921)
(-0.389031293665626 0.866626939867516 0.312429831553767 -0.861107500048034 -0.462599786514839 0.210939116518136 0.327335494424109 -0.186973753805958 0.926224751060904)
(-0.683747896658466 0.487946326089637 0.542583815341693 0.335326259933544 -0.450296263476626 0.827520135403345 0.648108874506517 0.747757753523569 0.144267906449358)
(-0.678716187355186 0.550983667922601 0.485552607556171 0.720182618288348 0.369881045721918 0.586962527194879 0.143810059931073 0.748067516804611 -0.647853113725947)
(0.543082555203467 0.63927452975418 -0.54441658115936 -0.00439539129901662 0.650517956976514 0.759478155173953 0.839667802627326 -0.410066413229218 0.356094815986308)
(0.0124707056468373 0.41003532690068 0.911984381551638 0.840944803068097 -0.497740267804405 0.212288633701288 0.540977189623953 0.764281137082064 -0.351024249599821)
(0.881389093301639 -0.471576312882737 0.0277317027396054 0.470955392888822 0.872621783658493 -0.129353162286837 0.0368005994224272 0.127070861382902 0.99121073040477)
(-0.125011471877365 -0.24961669247577 0.960241448145471 -0.052723293929733 0.968137677201145 0.24480541713935 -0.990753443686296 -0.0200236065939438 -0.134188930254016)
(0.124939133019057 0.959942293712548 -0.250800729230076 -0.771020758215233 -0.0651535318341346 -0.633468237317978 -0.62443350602098 0.272517540777525 0.731995209360632)
(-0.558979443996307 0.797364387017538 0.227490693228812 0.828596241998254 0.526844650168282 0.189375242139599 0.0311488191742653 0.29435480105683 -0.955188464209468)
(0.999469586930334 0.00217857133178665 -0.0324930550773612 0.0049816731266147 -0.996244761176255 0.0864381788431835 -0.032182724157033 -0.0865542006826875 -0.995727192864599)
(-0.935403800719982 -0.281995483800362 0.213303250595981 -0.29449638281616 0.955224019330746 -0.0286173618947078 -0.195682421558018 -0.089585824826334 -0.976566828170697)
(-0.323392751992031 -0.567495956291418 -0.75720899859412 -0.0468188769554064 -0.789632297762613 0.611791489880964 -0.945105878047352 0.233300608492614 0.228791838484944)
(-0.330272232210948 0.510744936020965 -0.793763102543409 0.219458159093664 0.859458134044822 0.461703186291163 0.918018719328543 -0.0217100472853626 -0.395942299848412)
(0.705140898039299 -0.673490252733276 0.221781859911037 0.703603740504293 0.703353396827037 -0.101172009569036 -0.0878526622288621 0.227387067893356 0.969833506893922)
(0.0919843557864708 -0.608909157133872 -0.787888644828104 0.960111364188115 0.264056101739814 -0.0919812127056912 0.264055006859148 -0.748000009019045 0.608909631932461)
(-0.571801164225881 -0.736814528743005 0.360760001695241 0.290843416562636 -0.593241453727832 -0.750649508506508 0.767107251713931 -0.32429759143742 0.553513808821232)
(-0.0360670815432484 0.68479081897197 -0.7278466183755 0.069115566730319 -0.724867283646034 -0.68541261991239 -0.99695647049633 -0.0750263643749206 -0.0211858581176725)
(-0.289116455783675 -0.957046488881618 -0.021764492055944 0.933674284914038 -0.286929322313343 0.214298608691388 -0.211338601976415 0.0416363076673759 0.976525684863681)
(0.706621893002349 -0.567900296927652 0.42210751364938 -0.0887545269094997 -0.662965256439273 -0.743370501639311 0.702002944639727 0.48781791839158 -0.518869486685485)
(0.193403846497029 -0.979498423640403 0.0563718923411275 0.971257056853596 0.18301727129885 -0.152198580540077 0.138761239805087 0.0841873891523501 0.986741000382302)
(-0.99777005353521 0.0518610724853455 -0.042016061560005 0.0665150186062618 0.720361065549878 -0.690402554702438 -0.00553828205791632 -0.691657693082722 -0.722204239139686)
(-0.0972341151667465 0.896078438040006 -0.433115411556231 -0.993402341532327 -0.0607934945081728 0.0972416518965749 0.0608055481500641 0.439713069973213 0.896077620191969)
(0.232006701555995 -0.68224818352777 0.69333275308914 -0.493569705012927 -0.69677494594249 -0.520474419160339 0.838189618598655 -0.221454489184345 -0.49839349162438)
(-0.479299125039477 -0.355635522769087 -0.80236882023241 0.847340028074189 -0.425702524106693 -0.317477932764506 -0.228664001451092 -0.832046114054954 0.505383061178772)
(0.0149346953755479 0.948778709728982 -0.315588204530917 -0.993793284016907 0.0488816971378893 0.0999274152963539 0.110235491185597 0.312137052670662 0.943619943003083)
(-0.405930743898876 -0.201349752874912 -0.891447423113061 -0.20636412324666 0.970429812455121 -0.125219118887477 0.890299994268417 0.133132475810866 -0.435478660889517)
(-0.44918063716798 -0.89209000685892 0.0491138967688315 -0.892319807699319 0.450691696364467 0.025344735460619 -0.0447450106807151 -0.0324409384970732 -0.998471566710145)
(0.147465587313695 -0.755875935653407 0.637891425289847 -0.171316354794396 -0.654714485126915 -0.736206254758107 0.974117347724691 -0.000716145993338274 -0.226041766044969)
(-0.94002471570794 -0.0901790504475634 -0.328970017963009 -0.194033311689284 -0.65182433175262 0.733127624967263 -0.28054341520181 0.752989229269335 0.595233242343939)
(-0.69243079727576 0.106618491483689 0.71356295325486 -0.538333366733889 0.582121890995768 -0.609369584311909 -0.480350681528622 -0.806081014102959 -0.34568283361737)
(-0.658286389855082 0.588028961854365 -0.469979753768224 -0.752767064616547 -0.513493742371177 0.411905235429498 0.000880545370856119 0.624936890066606 0.780674777403324)
(-0.711531256677385 0.701583960821008 -0.0387713385093679 -0.678069289814299 -0.671121143249754 0.299697262740045 0.184242527614645 0.239533623948393 0.953246208498264)
(-0.0742052547155849 0.932820816136431 0.352617221864102 0.375733460366765 0.353686795698096 -0.856580420806844 -0.923752102532607 0.0689273206455597 -0.376737411913407)
(-0.556231698646236 0.814262836179143 -0.166079291420152 0.794198426714407 0.579692394324084 0.182224002170878 0.244653134918569 -0.0305411456941052 -0.969129548612675)
(-0.745634792665278 -0.66575376856211 -0.0282962119789453 0.666001164442633 -0.745950157566452 0.000900770582576609 -0.0217072551941882 -0.0181736642407147 0.999599176170129)
(0.246671586846108 0.682202069699632 0.688297511502374 -0.422248149647298 0.714940894447039 -0.557284503253679 -0.87227268005037 -0.153166097896387 0.464414166550654)
(0.934899201003138 0.338200708419559 0.107627899673847 0.165293765383972 -0.683262484155532 0.711217511645207 0.3140723723744 -0.647126462579085 -0.694684019062621)
(-0.849181543396667 -0.527562625326166 -0.0238407783727261 0.478641686798931 -0.749791455697764 -0.456853268151714 0.223143097613903 -0.399362553729805 0.88922253045325)
(0.751047898219541 -0.144165071161301 0.644316294095584 0.634644403124066 -0.111490655905521 -0.764719762546421 0.182081125225289 0.983252900276838 0.00775873274954266)
(-0.894352329220256 0.395942942995569 -0.208238077954804 -0.431625003051854 -0.886087475857215 0.168964025370718 -0.11761703940667 0.240994130677486 0.96337327190462)
(-0.675922293014158 -0.228523629998596 0.700646847091134 -0.533609097163878 -0.503987208841435 -0.679159940476594 0.508321143796354 -0.832930875797316 0.218713901965745)
(-0.407049064113342 -0.462299647972097 -0.787775408913815 -0.878444390533283 0.434465083781354 0.198936029204037 0.250292852764638 0.772993613466332 -0.582953138249725)
(-0.17998216119591 -0.424629920723582 -0.88729693568587 0.974197775282245 -0.201824161998312 -0.101023275876424 -0.136180454861828 -0.882585088283256 0.449998272945199)
(-0.193968899627796 -0.591768281278887 -0.782423393853618 -0.129702304154918 -0.775099599681198 0.61838331386847 -0.972395690176631 0.221429247946782 0.0735915068444393)
(-0.869042630397663 -0.480916981511402 0.116119608359109 0.415338820634154 -0.836719901619778 -0.356922218848335 0.268809543405254 -0.261951642726955 0.926888756133609)
(0.466666181030821 -0.883745271675455 0.034885101023003 -0.884411055262241 -0.466572386417089 0.0112824449031341 0.00630561749862015 -0.0361179044843202 -0.999327642049204)
(-0.666865525280362 0.725318240981688 -0.170891253409226 -0.296743333036571 -0.0481186822843619 0.953744193541205 0.683544998877831 0.686729962732402 0.247322042678489)
(-0.818438008933577 0.549597481257386 -0.167636016799431 0.0351364447478586 -0.24333033338898 -0.969306854975909 -0.573519533916084 -0.799207706074175 0.179839892038258)
(-0.148661715273344 0.973613888088061 -0.173134893461822 -0.899698372088227 -0.205827995921369 -0.384938534517899 -0.410417511412198 0.0985435589830321 0.906557573080263)
(0.83171050851554 0.330046598135564 -0.446460382434952 0.466795182915463 0.0196876139949567 0.884146286008206 0.300599213624622 -0.943759313021242 -0.137689766700114)
(0.888691070582824 0.445153265827199 0.109848764170256 -0.451476702718558 0.891372826229398 0.0402898444051939 -0.0799810475596059 -0.0853993828033629 0.993131399890303)
(0.00320896972526471 0.931526474539908 0.363659359489828 0.72858891629183 -0.251266707643225 0.63719952345151 0.684943715621948 0.262913424650366 -0.679506171839974)
(-0.209001966054555 0.914367549612339 0.346771051850147 0.971261417692407 0.152795444814597 0.182496056247926 0.113883434649063 0.37494737798768 -0.920024470898843)
(0.522588318422704 0.838415318064894 0.154794069273579 -0.852213545053615 0.519038927009769 0.0658077949463277 -0.0251698842921595 -0.166307987429019 0.985752570497297)
(-0.937876392309139 0.243489317545667 -0.247185810657366 -0.135081742195377 -0.912441906258268 -0.386267641188385 -0.319594736619137 -0.32888101183395 0.888648684453211)
(-0.519479260568479 -0.841505384846068 0.148357625736922 0.371031302346074 -0.378541729401004 -0.847963402383306 0.769725321474227 -0.38545407816907 0.508869416554218)
(-0.490709945293464 0.867246099544295 -0.0841899781167136 -0.863364648888602 -0.470923555622123 0.181197372524213 0.117495670726827 0.161602003655351 0.979836496449805)
(0.295355467068096 0.912418746257413 0.283296981189417 0.623033092376505 -0.408745684413114 0.666900840663306 0.724289247384466 -0.0204694150308461 -0.689192345554954)
(-0.0810161069252904 -0.978031639044801 -0.192069006989702 -0.946633234381678 0.135817916148475 -0.292299526542839 0.311964597322761 0.158137935614532 -0.936840692613649)
(0.054013393995825 -0.613554606277214 -0.787802829637635 0.455479132870478 0.71723377260882 -0.527365598943348 0.888606387996738 -0.330342943840688 0.318201550382865)
(-0.170574287748071 0.0842969624139644 -0.981732363980641 0.473445784476409 -0.86677473821728 -0.156686445967365 -0.86414900423524 -0.491523728131353 0.107939442110375)
(0.457441358357169 -0.400849985350704 0.793767404791031 0.670737779870973 0.741596895827837 -0.0120363928264966 -0.583830655514171 0.537915730707754 0.608102320616389)
(0.943785974531218 0.0865824815933992 -0.319016470043928 -0.13964908058689 0.979170212185044 -0.147390060250795 0.299610027484722 0.183655028383721 0.93621827688845)
(-0.847219735547951 -0.280237762038155 0.451315318182206 0.146744421783998 0.693040218804056 0.70580544755287 -0.510573005919173 0.664200310032955 -0.546034022546936)
(0.253083343456424 0.125588199691497 0.959258268331927 -0.333153174703511 -0.919578340167296 0.208289794469465 0.90827186648596 -0.372294615047557 -0.190889853467127)
(-0.707306865505043 0.699053904821817 0.105074431536893 0.15559127834099 0.298944648290724 -0.941500638004325 -0.6895711363693 -0.64958120001406 -0.320212292822507)
(0.0224337005107033 -0.423755398761268 -0.905498807896551 -0.0218629935283624 -0.905718093317622 0.423316365087709 -0.999509248879356 0.010300362021325 -0.029583169993339)
(-0.953058367288283 -0.300582821284361 0.0364652723906816 -0.183245106664761 0.476715186583207 -0.859746393865283 0.241041447525551 -0.826070577148026 -0.509417728534368)
(-0.0243522063833846 0.854213616552257 -0.519351583554893 0.25801954071518 0.507274912478109 0.822251834768069 0.965832742587136 -0.113979210679146 -0.232757068377246)
(0.932001458116309 -0.329052117688655 0.151980215533748 -0.358701055064537 -0.897537871294483 0.256435806173309 0.0520272540565122 -0.293514008927646 -0.954537946547208)
(0.899225324830037 0.419171233338935 -0.125256905300388 0.431042733340927 -0.89784863167516 0.089833159985753 -0.0748062645658569 -0.134771331299203 -0.988048941622602)
(0.730363415030559 0.506325373289882 0.458479986856309 0.590149016093803 -0.129775517470402 -0.796795114109522 -0.343938106042957 0.852521513762645 -0.393590710997392)
(0.447757142220081 -0.809381759496729 -0.380019353434644 0.127880067314495 -0.362668852146953 0.923102373556721 -0.884963406008715 -0.461922581258364 -0.0588837749219911)
(-0.272083042438743 -0.673254202255072 -0.687531524486815 -0.342491376311575 0.735453270047307 -0.584643604881578 0.899261071752514 0.0764020073205507 -0.430688121623885)
(0.701362141208802 -0.151132165294026 0.696599034949478 -0.709575038769104 -0.24096215933609 0.662148398868345 0.0677820863859173 -0.958695106059079 -0.276241348070024)
(-0.969579071161937 0.223954766632188 0.0987961905514466 0.224056809918211 0.974522655949037 -0.010204850381518 -0.0985645508995522 0.01224154993277 -0.995055362158917)
(-0.465597659331504 0.727339460760603 -0.504178667186048 -0.884986327141843 -0.385382354019991 0.261303735109166 -0.00424504381778815 0.567853634337657 0.823118599943228)
(0.687588029227466 0.336956381720674 -0.64318201069433 -0.680962835496031 0.60669397646859 -0.410136606010652 0.252016504888659 0.719988066383355 0.646610288759205)
(-0.897427848809899 -0.352827469431709 -0.264832084526881 -0.30783468413052 0.930829005213854 -0.196964896108038 0.316008011649547 -0.0952372819173422 -0.943964404364008)
(0.794843611930436 0.107972807041839 -0.597131062257595 0.560750329140423 -0.506772687120305 0.654782797542645 -0.231910976329896 -0.855291363529628 -0.463350820145323)
(0.732839310339377 -0.101599093321677 -0.672773490453897 -0.151255486313223 -0.98837316865467 -0.0155002368910321 -0.66337645653238 0.11311986439057 -0.739686131544185)
(0.302275346262064 -0.851107306173526 0.429238824455794 -0.114035714960589 0.414781800241925 0.902746871443759 -0.946374910252579 -0.321826679388317 0.0283216821236516)
(0.605733442282256 0.587628967667518 -0.536450550618504 -0.775064558359062 0.588206487952734 -0.230842062687853 0.179894211348117 0.555612566352056 0.811746727024582)
(0.114440684698599 0.510914904846834 0.85197962985688 -0.824047936967547 -0.43016517060976 0.36865013708638 0.554840812544685 -0.744260630424334 0.371789976646934)
(0.558716717667965 -0.313458143341735 0.767840883107358 0.451109251276739 -0.662030926501001 -0.598511065702854 0.695942578673611 0.680778263995685 -0.228483877899834)
(0.454008889270597 0.796481815717358 -0.399365303569125 0.209507452850189 -0.531086047817427 -0.821008061479235 -0.866015332233503 0.289074950566883 -0.407986663129139)
(-0.392121094887415 -0.70001602005685 -0.596840530299395 -0.297637668794614 0.710445701781446 -0.637713668455347 0.87043257352813 -0.0724187578189274 -0.486931882769203)
(0.34491342850122 0.938021245369388 0.0339244760489556 0.853770711258258 -0.29850659102717 -0.426578700489026 -0.390013204183014 0.176096446156645 -0.903813997575772)
(0.0384445326390883 -0.99083281317547 0.129508124243025 -0.345502726367802 0.108430025057284 0.932132391744055 -0.937629929120534 -0.0805808041711008 -0.338166896689432)
(0.992647407857117 -0.115555206678236 -0.0360294030494049 -0.112756704438329 -0.991019280983586 0.0718798325191658 -0.0440119220070382 -0.0672887726766225 -0.996762344690509)
(-0.63391193955395 0.718264376645159 -0.286795986954997 -0.550764594582247 -0.679577484826764 -0.484595505005137 -0.542967783800847 -0.149233800993847 0.82638686968957)
(-0.920568021157947 -0.326478236308168 -0.214397946908195 -0.318450353841818 0.945202581011313 -0.0719823102405917 0.226150150473888 0.00201048915931515 -0.974090379468958)
(-0.545514174883393 0.154262910457232 -0.823782276732484 0.834166245725863 0.19507724687479 -0.515860002562101 0.0811231131855143 -0.96858031273045 -0.235098316238279)
(-0.736692545219874 0.598101088715525 0.31553000094249 0.673265264015931 0.605096567011372 0.424937676442806 0.0632295665572922 0.525483807807962 -0.848450817457689)
(-0.901384685509724 0.400563932051729 -0.164481564522574 -0.0290079496398069 0.323136996315523 0.945907511583387 0.432046510906211 0.857397817790225 -0.279651201431945)
(0.551148550566856 -0.579173129738269 -0.600661103283067 -0.44720317642464 -0.812779002393316 0.373362574803955 -0.704446303279225 0.0628393114038075 -0.706970032419005)
(0.550625216782234 0.605409758916192 -0.574709400003651 -0.0222288907613625 0.698868855750787 0.714904328478367 0.834456557922003 -0.380869198374749 0.398272402596939)
(-0.898741272515923 0.160577512433426 -0.408018366715462 0.303136965908072 -0.444797282123452 -0.842771236882013 -0.316815569340443 -0.881118743596051 0.351080695435121)
(0.559531721427839 0.307150015687254 0.769794206641826 0.286590249066477 0.799800173678394 -0.527433134457843 -0.777682635691458 0.51573108307269 0.359487368479974)
(-0.811348563530335 -0.513438809618798 -0.279453211172269 0.54841706967424 -0.834062387624979 -0.0598218291198052 -0.202366563807318 -0.201793266306263 0.95829392752238)
(-0.0111652969452348 -0.732756819491974 -0.680398985619563 0.363892350895208 0.6308074579181 -0.685320587750626 0.93137408870125 -0.255243794288736 0.259601449096506)
(-0.851232874271118 -0.524589349532809 0.0144432723742178 -0.524650731108337 0.851317396975485 -0.000547680903170544 -0.0120085014726812 -0.00804387740011947 -0.999895540508484)
(-0.0443848050076556 0.933349384679819 -0.356214703798475 0.996898265334887 0.0181830866408847 -0.0765716914564554 -0.0649910582828509 -0.358508439897882 -0.931261435293689)
(-0.748446619307243 -0.345073617455931 -0.566349588667138 0.241508537869886 -0.937150049432034 0.251840050400025 -0.617657902227041 0.0517105732458529 0.784745011090276)
(0.90364418051018 0.326226049515079 0.277495512842765 -0.312054446407576 0.945291565793911 -0.0951098213443679 -0.29334146912318 -0.000648272073534524 0.956007511600182)
(-0.321821722878391 -0.796009457585765 0.512639953688357 -0.188740918822273 -0.476640886153737 -0.858597886794921 0.927797199955738 -0.373071587072235 0.00315383476032187)
(-0.95773954046315 -0.0648679083636203 0.280226920723124 -0.0907212306034661 0.992635117761641 -0.0802818865257044 -0.272955364393573 -0.102311668204865 -0.956570798006039)
(-0.323039488263922 -0.940859490238182 0.102122028235498 0.825971371498114 -0.332965207618908 -0.454868622770161 0.461970542878774 -0.0625906554051443 0.88468391381795)
(-0.855315991750351 0.274009545960655 -0.439719595854619 0.486474088284249 0.132720863831228 -0.863555518615857 -0.178262490962405 -0.952525034330504 -0.246816821326161)
(-0.746349664705316 -0.509115004398191 0.428677139921051 0.504310512601483 -0.0122902905426922 0.863434916851297 -0.43431910489166 0.860610748860951 0.265924903066827)
(0.913862900578717 -0.114612185906148 -0.389510777498734 0.364308315580704 0.655008631115901 0.661999353747739 0.17925972817285 -0.746878664848239 0.640342259928163)
(0.581872984311881 0.746331040039591 -0.323131256305249 0.56846990882102 -0.657376528122146 -0.494669650412368 -0.581606218065975 0.104144509924893 -0.80677638051662)
(-0.740071725822439 0.355692004228791 0.570768813764297 -0.400791911244187 -0.914781857010084 0.0503983924983172 0.540055260616382 -0.191461098432264 0.819562665857641)
(-0.815896927805226 -0.47279393227868 -0.332833443028877 0.236058891471202 -0.797860133952808 0.554702989361148 -0.52781474302579 0.374012171258196 0.762578843658378)
(-0.637098343364312 0.770773429026956 0.00374459456771542 0.770516780781889 0.63674361330105 0.0293506636013128 0.0202383649528059 0.021584532108689 -0.999562162427973)
(-0.993865962486442 -0.105486639490392 -0.033211707272021 -0.101199968574449 0.988594186553012 -0.11153519926068 0.0445983740895208 -0.107490014432101 -0.993205357328462)
(0.162668016276107 0.095545974926052 0.982043829549489 -0.978559597320382 0.143059868436518 0.14817215843436 -0.126333807719736 -0.985091285474781 0.11676869575651)
(0.251007501543928 -0.884947175057014 0.392254676871145 0.578996565585523 -0.187484891274753 -0.793481186030181 0.775730759483497 0.4262838407708 0.465321260946511)
(-0.69222839682643 -0.56017915135163 -0.454993587886771 0.138407547321038 -0.721812481451829 0.678107729247298 -0.708281863011954 0.406430879746261 0.577192119243667)
(0.830418490060834 -0.328175358911756 0.450228903079561 0.193555829402955 -0.587838902923848 -0.785481740789321 0.522437816653063 0.73942298991337 -0.424632040381261)
(-0.399319269277964 0.862260490140959 0.311530044016924 -0.315255583832598 -0.448216582633759 0.836490174427938 0.86090535951734 0.23581505930281 0.450813952490749)
(0.996088909845677 -0.0809027688214302 -0.0355193704825385 0.0696223451665802 0.471157842074484 0.879296887805945 -0.0544023228911705 -0.878330820277156 0.474947741773033)
(0.881727944409427 0.377679521075281 -0.282690663814483 -0.249616792506834 -0.134970984893438 -0.958892220291465 -0.400308991837713 0.916046403080784 -0.0247325384186779)
(-0.146797551346657 -0.121627173451547 0.981660485909876 -0.0782436080427637 -0.987874367259852 -0.134097622318213 0.986067146151354 -0.0964938608883237 0.135500989264982)
(-0.0222656985327452 -0.648954000793256 -0.760501770887666 -0.94210570632284 0.268191448831451 -0.201271420941051 0.334575965638286 0.711991609239965 -0.617354737237104)
(-0.249564033658145 -0.801483965786203 0.543453075887788 -0.878530723658183 0.423452614699622 0.22106933458235 -0.407310152946015 -0.42226926917747 -0.809806831050109)
